+--------***RESULTADO DO PSO COM REDUÇÃO***----------+
Data/Hora: 13/05/2016 16:32:13
Arquivo de instância usado: rbg403.txt
Target not reached.
Shortest Route: 0, 1, 2, 3, 4, 5, 6, 7, 8, 9, 10, 11, 12, 13, 14, 15, 16, 17, 18, 19, 20, 21, 22, 377, 24, 25, 26, 27, 28, 29, 129, 31, 32, 33, 34, 35, 36, 152, 38, 39, 183, 41, 42, 43, 44, 45, 46, 47, 48, 49, 50, 51, 52, 53, 54, 55, 56, 57, 58, 59, 60, 61, 62, 63, 64, 65, 66, 67, 68, 69, 70, 71, 105, 73, 74, 75, 76, 77, 78, 79, 80, 81, 82, 83, 84, 85, 86, 87, 88, 89, 90, 91, 92, 93, 94, 95, 96, 97, 98, 99, 100, 101, 102, 103, 104, 72, 106, 107, 108, 109, 110, 111, 112, 113, 114, 115, 116, 117, 118, 119, 120, 121, 122, 123, 390, 125, 126, 127, 128, 30, 267, 131, 132, 133, 134, 135, 136, 137, 138, 139, 140, 141, 142, 143, 144, 145, 146, 147, 148, 149, 150, 151, 37, 153, 154, 155, 156, 157, 158, 159, 160, 161, 162, 163, 164, 165, 166, 167, 168, 169, 170, 171, 172, 173, 174, 175, 176, 177, 178, 179, 180, 181, 182, 40, 184, 185, 186, 187, 188, 189, 190, 191, 192, 193, 194, 195, 196, 197, 375, 199, 200, 201, 202, 203, 204, 205, 206, 207, 208, 209, 210, 211, 212, 213, 214, 215, 216, 217, 218, 219, 220, 221, 222, 223, 224, 225, 226, 227, 228, 229, 230, 231, 232, 233, 234, 235, 236, 237, 238, 239, 240, 241, 242, 243, 244, 245, 246, 247, 248, 249, 250, 251, 252, 253, 254, 255, 256, 257, 258, 259, 260, 261, 262, 263, 264, 276, 266, 130, 268, 269, 270, 271, 272, 273, 274, 275, 265, 277, 278, 279, 280, 281, 282, 283, 284, 285, 286, 287, 288, 289, 290, 291, 371, 293, 294, 295, 296, 297, 298, 299, 300, 301, 302, 303, 304, 305, 306, 307, 308, 309, 310, 311, 312, 313, 314, 315, 316, 317, 318, 319, 320, 321, 322, 323, 324, 325, 326, 327, 328, 329, 330, 331, 332, 333, 334, 335, 336, 337, 338, 339, 340, 341, 342, 343, 344, 345, 346, 347, 348, 349, 350, 351, 352, 353, 354, 355, 356, 357, 358, 359, 360, 361, 362, 363, 364, 365, 366, 367, 368, 369, 370, 292, 372, 373, 374, 198, 376, 23, 378, 379, 380, 381, 382, 383, 384, 385, 386, 387, 388, 389, 124, 391, 392, 393, 394, 395, 396, 397, 398, 399, 400, 401, 402, 
 Distance: 7748.0

 PARTICLE_COUNT: 100
 PARTICLE_COUNT_FINAL: 10
 MAX_EPOCHS: 10
 CITY_COUNT: 403
 TEMPO DE EXECUÇÃO ALGORITMO COM REDUÇÃO: 39ms 

+--------***RESULTADO DO PSO SEM REDUÇÃO***----------+
Data/Hora: 13/05/2016 16:32:13
Arquivo de instância usado: rbg403.txt
Target not reached.
Shortest Route: 0, 1, 2, 3, 4, 5, 6, 7, 8, 9, 10, 11, 12, 13, 14, 15, 16, 17, 18, 19, 20, 21, 22, 377, 24, 25, 26, 27, 28, 29, 129, 31, 32, 33, 34, 35, 36, 152, 38, 39, 183, 41, 42, 43, 44, 45, 46, 47, 48, 49, 50, 51, 52, 53, 54, 55, 56, 57, 58, 59, 60, 61, 62, 63, 64, 65, 66, 67, 68, 69, 70, 71, 105, 73, 74, 75, 76, 77, 78, 79, 80, 81, 82, 83, 84, 85, 86, 87, 88, 89, 90, 91, 92, 93, 94, 95, 96, 97, 98, 99, 100, 101, 102, 103, 104, 72, 106, 107, 108, 109, 110, 111, 112, 113, 114, 115, 116, 117, 118, 119, 120, 121, 122, 123, 390, 125, 126, 127, 128, 30, 267, 131, 132, 133, 134, 135, 136, 137, 138, 139, 140, 141, 142, 143, 144, 145, 146, 147, 148, 149, 150, 151, 37, 153, 154, 155, 156, 157, 158, 159, 160, 161, 162, 163, 164, 165, 166, 167, 168, 169, 170, 171, 172, 173, 174, 175, 176, 177, 178, 179, 180, 181, 182, 40, 184, 185, 186, 187, 188, 189, 190, 191, 192, 193, 194, 195, 196, 197, 375, 199, 200, 201, 202, 203, 204, 205, 206, 207, 208, 209, 210, 211, 212, 213, 214, 215, 216, 217, 218, 219, 220, 221, 222, 223, 224, 225, 226, 227, 228, 229, 230, 231, 232, 233, 234, 235, 236, 237, 238, 239, 240, 241, 242, 243, 244, 245, 246, 247, 248, 249, 250, 251, 252, 253, 254, 255, 256, 257, 258, 259, 260, 261, 262, 263, 264, 276, 266, 130, 268, 269, 270, 271, 272, 273, 274, 275, 265, 277, 278, 279, 280, 281, 282, 283, 284, 285, 286, 287, 288, 289, 290, 291, 371, 293, 294, 295, 296, 297, 298, 299, 300, 301, 302, 303, 304, 305, 306, 307, 308, 309, 310, 311, 312, 313, 314, 315, 316, 317, 318, 319, 320, 321, 322, 323, 324, 325, 326, 327, 328, 329, 330, 331, 332, 333, 334, 335, 336, 337, 338, 339, 340, 341, 342, 343, 344, 345, 346, 347, 348, 349, 350, 351, 352, 353, 354, 355, 356, 357, 358, 359, 360, 361, 362, 363, 364, 365, 366, 367, 368, 369, 370, 292, 372, 373, 374, 198, 376, 23, 378, 379, 380, 381, 382, 383, 384, 385, 386, 387, 388, 389, 124, 391, 392, 393, 394, 395, 396, 397, 398, 399, 400, 401, 402, 
 Distance: 7748.0

 PARTICLE_COUNT: 100
 PARTICLE_COUNT_FINAL: 10
 MAX_EPOCHS: 10
 CITY_COUNT: 403
 TEMPO DE EXECUÇÃO ALGORITMO SEM REDUÇÃO: 13ms 

+--------***RESULTADO DO PSO COM REDUÇÃO***----------+
Data/Hora: 13/05/2016 16:32:49
Arquivo de instância usado: rbg403.txt
Target not reached.
Shortest Route: 0, 1, 2, 3, 4, 5, 6, 7, 8, 9, 10, 11, 12, 13, 14, 15, 16, 17, 18, 19, 20, 21, 22, 377, 24, 25, 26, 27, 28, 29, 129, 31, 32, 33, 34, 35, 36, 152, 38, 39, 183, 41, 42, 43, 44, 45, 46, 47, 48, 49, 50, 51, 52, 53, 54, 55, 56, 57, 58, 59, 60, 61, 62, 63, 64, 65, 66, 67, 68, 69, 70, 71, 105, 73, 74, 75, 76, 77, 78, 79, 80, 81, 82, 83, 84, 85, 86, 87, 88, 89, 90, 91, 92, 93, 94, 95, 96, 97, 98, 99, 100, 101, 102, 103, 104, 72, 106, 107, 108, 109, 110, 111, 112, 113, 114, 115, 116, 117, 118, 119, 120, 121, 122, 123, 390, 125, 126, 127, 128, 30, 267, 131, 132, 133, 134, 135, 136, 137, 138, 139, 140, 141, 142, 143, 144, 145, 146, 147, 148, 149, 150, 151, 37, 153, 154, 155, 156, 157, 158, 159, 160, 161, 162, 163, 164, 165, 166, 167, 168, 169, 170, 171, 172, 173, 174, 175, 176, 177, 178, 179, 180, 181, 182, 40, 184, 185, 186, 187, 188, 189, 190, 191, 192, 193, 194, 195, 196, 197, 375, 199, 200, 201, 202, 203, 204, 205, 206, 207, 208, 209, 210, 211, 212, 213, 214, 215, 216, 217, 218, 219, 220, 221, 222, 223, 224, 225, 226, 227, 228, 229, 230, 231, 232, 233, 234, 235, 236, 237, 238, 239, 240, 241, 242, 243, 244, 245, 246, 247, 248, 249, 250, 251, 252, 253, 254, 255, 256, 257, 258, 259, 260, 261, 262, 263, 264, 276, 266, 130, 268, 269, 270, 271, 272, 273, 274, 275, 265, 277, 278, 279, 280, 281, 282, 283, 284, 285, 286, 287, 288, 289, 290, 291, 371, 293, 294, 295, 296, 297, 298, 299, 300, 301, 302, 303, 304, 305, 306, 307, 308, 309, 310, 311, 312, 313, 314, 315, 316, 317, 318, 319, 320, 321, 322, 323, 324, 325, 326, 327, 328, 329, 330, 331, 332, 333, 334, 335, 336, 337, 338, 339, 340, 341, 342, 343, 344, 345, 346, 347, 348, 349, 350, 351, 352, 353, 354, 355, 356, 357, 358, 359, 360, 361, 362, 363, 364, 365, 366, 367, 368, 369, 370, 292, 372, 373, 374, 198, 376, 23, 378, 379, 380, 381, 382, 383, 384, 385, 386, 387, 388, 389, 124, 391, 392, 393, 394, 395, 396, 397, 398, 399, 400, 401, 402, 
 Distance: 7748.0

 PARTICLE_COUNT: 100
 PARTICLE_COUNT_FINAL: 10
 MAX_EPOCHS: 50
 CITY_COUNT: 403
 TEMPO DE EXECUÇÃO ALGORITMO COM REDUÇÃO: 14ms 

+--------***RESULTADO DO PSO SEM REDUÇÃO***----------+
Data/Hora: 13/05/2016 16:32:49
Arquivo de instância usado: rbg403.txt
Target not reached.
Shortest Route: 0, 1, 2, 3, 4, 5, 6, 7, 8, 9, 10, 11, 12, 13, 14, 15, 16, 17, 18, 19, 20, 21, 22, 377, 24, 25, 26, 27, 28, 29, 129, 31, 32, 33, 34, 35, 36, 152, 38, 39, 183, 41, 42, 43, 44, 45, 46, 47, 48, 49, 50, 51, 52, 53, 54, 55, 56, 57, 58, 59, 60, 61, 62, 63, 64, 65, 66, 67, 68, 69, 70, 71, 105, 73, 74, 75, 76, 77, 78, 79, 80, 81, 82, 83, 84, 85, 86, 87, 88, 89, 90, 91, 92, 93, 94, 95, 96, 97, 98, 99, 100, 101, 102, 103, 104, 72, 106, 107, 108, 109, 110, 111, 112, 113, 114, 115, 116, 117, 118, 119, 120, 121, 122, 123, 390, 125, 126, 127, 128, 30, 267, 131, 132, 133, 134, 135, 136, 137, 138, 139, 140, 141, 142, 143, 144, 145, 146, 147, 148, 149, 150, 151, 37, 153, 154, 155, 156, 157, 158, 159, 160, 161, 162, 163, 164, 165, 166, 167, 168, 169, 170, 171, 172, 173, 174, 175, 176, 177, 178, 179, 180, 181, 182, 40, 184, 185, 186, 187, 188, 189, 190, 191, 192, 193, 194, 195, 196, 197, 375, 199, 200, 201, 202, 203, 204, 205, 206, 207, 208, 209, 210, 211, 212, 213, 214, 215, 216, 217, 218, 219, 220, 221, 222, 223, 224, 225, 226, 227, 228, 229, 230, 231, 232, 233, 234, 235, 236, 237, 238, 239, 240, 241, 242, 243, 244, 245, 246, 247, 248, 249, 250, 251, 252, 253, 254, 255, 256, 257, 258, 259, 260, 261, 262, 263, 264, 276, 266, 130, 268, 269, 270, 271, 272, 273, 274, 275, 265, 277, 278, 279, 280, 281, 282, 283, 284, 285, 286, 287, 288, 289, 290, 291, 371, 293, 294, 295, 296, 297, 298, 299, 300, 301, 302, 303, 304, 305, 306, 307, 308, 309, 310, 311, 312, 313, 314, 315, 316, 317, 318, 319, 320, 321, 322, 323, 324, 325, 326, 327, 328, 329, 330, 331, 332, 333, 334, 335, 336, 337, 338, 339, 340, 341, 342, 343, 344, 345, 346, 347, 348, 349, 350, 351, 352, 353, 354, 355, 356, 357, 358, 359, 360, 361, 362, 363, 364, 365, 366, 367, 368, 369, 370, 292, 372, 373, 374, 198, 376, 23, 378, 379, 380, 381, 382, 383, 384, 385, 386, 387, 388, 389, 124, 391, 392, 393, 394, 395, 396, 397, 398, 399, 400, 401, 402, 
 Distance: 7748.0

 PARTICLE_COUNT: 100
 PARTICLE_COUNT_FINAL: 10
 MAX_EPOCHS: 50
 CITY_COUNT: 403
 TEMPO DE EXECUÇÃO ALGORITMO SEM REDUÇÃO: 14ms 

+--------***RESULTADO DO PSO COM REDUÇÃO***----------+
Data/Hora: 13/05/2016 16:34:02
Arquivo de instância usado: rbg403.txt
Target not reached.
Shortest Route: 0, 1, 2, 3, 4, 5, 6, 7, 8, 9, 10, 11, 269, 13, 14, 15, 16, 17, 18, 19, 20, 21, 22, 23, 24, 25, 26, 29, 28, 27, 30, 31, 32, 33, 34, 35, 36, 37, 38, 39, 40, 41, 42, 43, 44, 45, 46, 47, 48, 49, 50, 51, 52, 53, 54, 283, 56, 57, 58, 59, 60, 61, 62, 63, 64, 65, 66, 67, 68, 69, 70, 219, 72, 73, 74, 75, 76, 77, 78, 79, 80, 81, 82, 83, 84, 85, 86, 87, 88, 89, 90, 91, 92, 93, 94, 95, 96, 97, 98, 99, 100, 101, 102, 103, 104, 105, 106, 107, 108, 109, 110, 111, 112, 113, 114, 115, 116, 117, 118, 119, 120, 121, 122, 123, 124, 125, 126, 127, 128, 129, 130, 131, 132, 133, 134, 135, 136, 137, 138, 139, 140, 141, 142, 143, 144, 145, 146, 147, 148, 149, 150, 151, 152, 153, 390, 155, 156, 157, 158, 159, 160, 161, 162, 163, 250, 165, 166, 167, 168, 169, 170, 171, 172, 173, 174, 175, 176, 177, 178, 179, 180, 181, 182, 183, 184, 185, 186, 187, 188, 189, 190, 191, 192, 193, 258, 195, 196, 197, 198, 199, 200, 201, 202, 203, 204, 205, 206, 207, 208, 209, 210, 211, 212, 213, 214, 215, 216, 217, 218, 71, 220, 221, 222, 223, 224, 225, 226, 227, 228, 229, 230, 294, 232, 233, 234, 235, 236, 237, 238, 239, 240, 241, 242, 243, 244, 245, 246, 247, 248, 249, 164, 251, 252, 253, 254, 255, 256, 257, 194, 259, 260, 261, 262, 263, 264, 265, 266, 267, 268, 12, 270, 271, 272, 273, 274, 275, 276, 277, 278, 279, 280, 281, 282, 55, 284, 285, 286, 287, 288, 289, 290, 336, 292, 293, 231, 295, 296, 297, 298, 299, 300, 301, 302, 303, 304, 305, 306, 307, 308, 309, 310, 311, 312, 313, 314, 315, 316, 317, 318, 319, 320, 321, 322, 369, 324, 325, 326, 327, 328, 329, 330, 331, 332, 333, 334, 335, 291, 337, 338, 339, 340, 341, 342, 343, 344, 345, 346, 347, 348, 349, 350, 351, 352, 353, 354, 355, 356, 357, 358, 359, 360, 361, 362, 363, 364, 365, 366, 367, 368, 323, 370, 371, 372, 373, 374, 375, 376, 377, 378, 379, 380, 381, 382, 383, 384, 385, 386, 387, 388, 389, 154, 391, 392, 393, 394, 395, 396, 397, 398, 399, 400, 401, 402, 
 Distance: 7774.0

 PARTICLE_COUNT: 100
 PARTICLE_COUNT_FINAL: 50
 MAX_EPOCHS: 10
 CITY_COUNT: 403
 TEMPO DE EXECUÇÃO ALGORITMO COM REDUÇÃO: 33ms 

+--------***RESULTADO DO PSO SEM REDUÇÃO***----------+
Data/Hora: 13/05/2016 16:34:02
Arquivo de instância usado: rbg403.txt
Target not reached.
Shortest Route: 0, 1, 2, 3, 4, 5, 6, 245, 8, 9, 10, 11, 12, 13, 14, 15, 16, 17, 18, 19, 20, 21, 22, 23, 24, 25, 26, 27, 28, 29, 30, 31, 32, 33, 34, 35, 36, 37, 38, 39, 40, 41, 42, 43, 44, 340, 46, 47, 48, 49, 50, 51, 345, 53, 54, 55, 56, 57, 58, 59, 60, 61, 62, 63, 64, 65, 66, 67, 68, 69, 70, 91, 72, 387, 74, 75, 76, 77, 78, 79, 80, 81, 82, 83, 390, 85, 86, 87, 88, 89, 90, 71, 92, 93, 94, 95, 96, 97, 98, 99, 100, 101, 102, 103, 104, 105, 106, 107, 108, 109, 351, 111, 112, 113, 114, 115, 116, 117, 118, 119, 120, 121, 122, 123, 124, 125, 126, 127, 128, 220, 130, 131, 132, 133, 134, 135, 136, 137, 138, 139, 140, 141, 142, 143, 144, 145, 146, 147, 148, 149, 150, 151, 152, 153, 154, 155, 156, 157, 158, 159, 160, 161, 162, 163, 164, 165, 166, 167, 168, 169, 170, 171, 172, 173, 174, 175, 176, 177, 178, 179, 180, 187, 182, 194, 258, 185, 186, 181, 188, 189, 190, 191, 192, 193, 183, 195, 196, 197, 198, 199, 200, 201, 202, 203, 204, 205, 225, 207, 208, 209, 210, 211, 212, 213, 214, 215, 216, 217, 218, 219, 129, 221, 222, 223, 224, 206, 226, 227, 228, 229, 230, 231, 232, 233, 234, 235, 236, 237, 238, 239, 240, 241, 242, 243, 244, 7, 246, 247, 248, 341, 250, 251, 252, 253, 254, 255, 256, 257, 184, 259, 260, 261, 262, 263, 264, 265, 266, 267, 268, 269, 270, 271, 272, 273, 274, 275, 276, 277, 278, 279, 280, 281, 282, 283, 284, 285, 286, 287, 288, 289, 290, 291, 292, 293, 294, 295, 296, 297, 298, 299, 300, 301, 302, 303, 304, 305, 306, 307, 308, 309, 310, 311, 312, 313, 314, 315, 316, 317, 318, 319, 320, 321, 322, 323, 324, 325, 326, 327, 328, 329, 330, 331, 332, 333, 334, 335, 336, 337, 338, 339, 45, 249, 342, 343, 344, 52, 346, 347, 348, 349, 350, 110, 352, 353, 354, 355, 356, 357, 358, 359, 360, 361, 362, 363, 364, 365, 366, 367, 368, 369, 370, 371, 372, 373, 374, 375, 376, 377, 378, 379, 380, 381, 382, 383, 384, 385, 386, 73, 388, 389, 84, 391, 392, 393, 394, 395, 396, 397, 398, 399, 400, 401, 402, 
 Distance: 7752.0

 PARTICLE_COUNT: 100
 PARTICLE_COUNT_FINAL: 50
 MAX_EPOCHS: 10
 CITY_COUNT: 403
 TEMPO DE EXECUÇÃO ALGORITMO SEM REDUÇÃO: 10ms 

+--------***RESULTADO DO PSO COM REDUÇÃO***----------+
Data/Hora: 13/05/2016 16:34:22
Arquivo de instância usado: rbg403.txt
Target not reached.
Shortest Route: 0, 1, 2, 3, 4, 5, 6, 245, 8, 9, 10, 11, 12, 13, 14, 15, 16, 17, 18, 19, 20, 21, 22, 23, 24, 25, 26, 27, 28, 29, 30, 31, 32, 33, 34, 35, 36, 37, 38, 39, 40, 41, 42, 43, 44, 340, 46, 47, 48, 49, 50, 51, 345, 53, 54, 55, 56, 57, 58, 59, 60, 61, 62, 63, 64, 65, 66, 67, 68, 69, 70, 91, 72, 387, 74, 75, 76, 77, 78, 79, 80, 81, 82, 83, 390, 85, 86, 87, 88, 89, 90, 71, 92, 93, 94, 95, 96, 97, 98, 99, 100, 101, 102, 103, 104, 105, 106, 107, 108, 109, 351, 111, 112, 113, 114, 115, 116, 117, 118, 119, 120, 121, 122, 123, 124, 125, 126, 127, 128, 220, 130, 131, 132, 133, 134, 135, 136, 137, 138, 139, 140, 141, 142, 143, 144, 145, 146, 147, 148, 149, 150, 151, 152, 153, 154, 155, 156, 157, 158, 159, 160, 161, 162, 163, 164, 165, 166, 167, 168, 169, 170, 171, 172, 173, 174, 175, 176, 177, 178, 179, 180, 187, 182, 194, 258, 185, 186, 181, 188, 189, 190, 191, 192, 193, 183, 195, 196, 197, 198, 199, 200, 201, 202, 203, 204, 205, 225, 207, 208, 209, 210, 211, 212, 213, 214, 215, 216, 217, 218, 219, 129, 221, 222, 223, 224, 206, 226, 227, 228, 229, 230, 231, 232, 233, 234, 235, 236, 237, 238, 239, 240, 241, 242, 243, 244, 7, 246, 247, 248, 341, 250, 251, 252, 253, 254, 255, 256, 257, 184, 259, 260, 261, 262, 263, 264, 265, 266, 267, 268, 269, 270, 271, 272, 273, 274, 275, 276, 277, 278, 279, 280, 281, 282, 283, 284, 285, 286, 287, 288, 289, 290, 291, 292, 293, 294, 295, 296, 297, 298, 299, 300, 301, 302, 303, 304, 305, 306, 307, 308, 309, 310, 311, 312, 313, 314, 315, 316, 317, 318, 319, 320, 321, 322, 323, 324, 325, 326, 327, 328, 329, 330, 331, 332, 333, 334, 335, 336, 337, 338, 339, 45, 249, 342, 343, 344, 52, 346, 347, 348, 349, 350, 110, 352, 353, 354, 355, 356, 357, 358, 359, 360, 361, 362, 363, 364, 365, 366, 367, 368, 369, 370, 371, 372, 373, 374, 375, 376, 377, 378, 379, 380, 381, 382, 383, 384, 385, 386, 73, 388, 389, 84, 391, 392, 393, 394, 395, 396, 397, 398, 399, 400, 401, 402, 
 Distance: 7752.0

 PARTICLE_COUNT: 100
 PARTICLE_COUNT_FINAL: 50
 MAX_EPOCHS: 50
 CITY_COUNT: 403
 TEMPO DE EXECUÇÃO ALGORITMO COM REDUÇÃO: 16ms 

+--------***RESULTADO DO PSO SEM REDUÇÃO***----------+
Data/Hora: 13/05/2016 16:34:22
Arquivo de instância usado: rbg403.txt
Target not reached.
Shortest Route: 0, 1, 2, 3, 4, 5, 6, 245, 8, 9, 10, 11, 12, 13, 14, 15, 16, 17, 18, 19, 20, 21, 22, 23, 24, 25, 26, 27, 28, 29, 30, 31, 32, 33, 34, 35, 36, 37, 38, 39, 40, 41, 42, 43, 44, 340, 46, 47, 48, 49, 50, 51, 345, 53, 54, 55, 56, 57, 58, 59, 60, 61, 62, 63, 64, 65, 66, 67, 68, 69, 70, 91, 72, 387, 74, 75, 76, 77, 78, 79, 80, 81, 82, 83, 390, 85, 86, 87, 88, 89, 90, 71, 92, 93, 94, 95, 96, 97, 98, 99, 100, 101, 102, 103, 104, 105, 106, 107, 108, 109, 351, 111, 112, 113, 114, 115, 116, 117, 118, 119, 120, 121, 122, 123, 124, 125, 126, 127, 128, 220, 130, 131, 132, 133, 134, 135, 136, 137, 138, 139, 140, 141, 142, 143, 144, 145, 146, 147, 148, 149, 150, 151, 152, 153, 154, 155, 156, 157, 158, 159, 160, 161, 162, 163, 164, 165, 166, 167, 168, 169, 170, 171, 172, 173, 174, 175, 176, 177, 178, 179, 180, 187, 182, 194, 258, 185, 186, 181, 188, 189, 190, 191, 192, 193, 183, 195, 196, 197, 198, 199, 200, 201, 202, 203, 204, 205, 225, 207, 208, 209, 210, 211, 212, 213, 214, 215, 216, 217, 218, 219, 129, 221, 222, 223, 224, 206, 226, 227, 228, 229, 230, 231, 232, 233, 234, 235, 236, 237, 238, 239, 240, 241, 242, 243, 244, 7, 246, 247, 248, 341, 250, 251, 252, 253, 254, 255, 256, 257, 184, 259, 260, 261, 262, 263, 264, 265, 266, 267, 268, 269, 270, 271, 272, 273, 274, 275, 276, 277, 278, 279, 280, 281, 282, 283, 284, 285, 286, 287, 288, 289, 290, 291, 292, 293, 294, 295, 296, 297, 298, 299, 300, 301, 302, 303, 304, 305, 306, 307, 308, 309, 310, 311, 312, 313, 314, 315, 316, 317, 318, 319, 320, 321, 322, 323, 324, 325, 326, 327, 328, 329, 330, 331, 332, 333, 334, 335, 336, 337, 338, 339, 45, 249, 342, 343, 344, 52, 346, 347, 348, 349, 350, 110, 352, 353, 354, 355, 356, 357, 358, 359, 360, 361, 362, 363, 364, 365, 366, 367, 368, 369, 370, 371, 372, 373, 374, 375, 376, 377, 378, 379, 380, 381, 382, 383, 384, 385, 386, 73, 388, 389, 84, 391, 392, 393, 394, 395, 396, 397, 398, 399, 400, 401, 402, 
 Distance: 7752.0

 PARTICLE_COUNT: 100
 PARTICLE_COUNT_FINAL: 50
 MAX_EPOCHS: 50
 CITY_COUNT: 403
 TEMPO DE EXECUÇÃO ALGORITMO SEM REDUÇÃO: 15ms 

+--------***RESULTADO DO PSO COM REDUÇÃO***----------+
Data/Hora: 13/05/2016 16:34:55
Arquivo de instância usado: rbg403.txt
Target not reached.
Shortest Route: 0, 1, 2, 3, 4, 254, 6, 7, 8, 9, 10, 11, 12, 102, 14, 15, 16, 17, 18, 19, 20, 160, 22, 23, 24, 25, 26, 27, 28, 29, 30, 31, 32, 33, 34, 35, 36, 37, 38, 39, 40, 41, 42, 43, 44, 45, 46, 47, 48, 49, 50, 51, 52, 53, 54, 55, 56, 57, 58, 59, 60, 61, 62, 63, 64, 65, 66, 67, 68, 69, 70, 71, 72, 73, 74, 75, 76, 77, 78, 79, 80, 81, 82, 83, 84, 85, 86, 87, 88, 89, 90, 91, 92, 93, 94, 95, 96, 97, 98, 99, 100, 101, 13, 103, 104, 105, 106, 107, 108, 109, 110, 111, 112, 113, 114, 115, 116, 117, 118, 119, 120, 269, 122, 123, 124, 125, 126, 127, 128, 129, 130, 131, 132, 133, 134, 135, 136, 137, 138, 139, 140, 141, 142, 143, 144, 145, 146, 147, 148, 149, 150, 151, 152, 153, 154, 155, 156, 157, 158, 159, 21, 161, 162, 163, 164, 165, 166, 167, 168, 196, 170, 171, 172, 173, 174, 175, 176, 177, 178, 179, 180, 181, 182, 183, 184, 185, 186, 187, 298, 189, 190, 191, 192, 193, 194, 195, 169, 197, 198, 199, 200, 201, 202, 203, 204, 205, 206, 207, 208, 209, 210, 211, 212, 213, 214, 215, 216, 217, 218, 219, 220, 221, 222, 223, 224, 225, 226, 227, 228, 229, 230, 231, 232, 233, 234, 235, 236, 237, 238, 239, 240, 241, 242, 243, 244, 245, 246, 247, 248, 249, 250, 251, 252, 253, 5, 255, 256, 257, 258, 259, 260, 261, 262, 263, 264, 265, 266, 267, 268, 121, 270, 271, 272, 273, 274, 275, 276, 277, 278, 279, 280, 281, 282, 283, 284, 285, 286, 287, 288, 289, 290, 291, 292, 293, 294, 301, 296, 297, 188, 299, 300, 295, 302, 303, 304, 305, 306, 307, 308, 309, 310, 311, 312, 313, 314, 315, 316, 317, 318, 319, 320, 321, 322, 323, 324, 330, 326, 327, 328, 329, 325, 331, 332, 333, 334, 335, 336, 337, 338, 339, 340, 341, 342, 343, 344, 345, 346, 347, 348, 349, 350, 351, 352, 353, 354, 355, 356, 357, 358, 359, 360, 361, 362, 393, 364, 365, 366, 377, 368, 369, 370, 371, 372, 373, 374, 375, 376, 367, 378, 379, 380, 381, 382, 383, 384, 385, 386, 387, 388, 389, 390, 391, 392, 363, 394, 395, 396, 397, 398, 399, 400, 401, 402, 
 Distance: 7692.0

 PARTICLE_COUNT: 1000
 PARTICLE_COUNT_FINAL: 100
 MAX_EPOCHS: 10
 CITY_COUNT: 403
 TEMPO DE EXECUÇÃO ALGORITMO COM REDUÇÃO: 63ms 

+--------***RESULTADO DO PSO SEM REDUÇÃO***----------+
Data/Hora: 13/05/2016 16:34:55
Arquivo de instância usado: rbg403.txt
Target not reached.
Shortest Route: 0, 1, 2, 3, 4, 254, 6, 7, 8, 9, 10, 11, 12, 102, 14, 15, 16, 17, 18, 19, 20, 160, 22, 23, 24, 25, 26, 27, 28, 29, 30, 31, 32, 33, 34, 35, 36, 37, 38, 39, 40, 41, 42, 43, 44, 45, 46, 47, 48, 49, 50, 51, 52, 53, 54, 55, 56, 57, 58, 59, 60, 61, 62, 63, 64, 65, 66, 67, 68, 69, 70, 71, 72, 73, 74, 75, 76, 77, 78, 79, 80, 81, 82, 83, 84, 85, 86, 87, 88, 89, 90, 91, 92, 93, 94, 95, 96, 97, 98, 99, 100, 101, 13, 103, 104, 105, 106, 107, 108, 109, 110, 111, 112, 113, 114, 115, 116, 117, 118, 119, 120, 269, 122, 123, 124, 125, 126, 127, 128, 129, 130, 131, 132, 133, 134, 135, 136, 137, 138, 139, 140, 141, 142, 143, 144, 145, 146, 147, 148, 149, 150, 151, 152, 153, 154, 155, 156, 157, 158, 159, 21, 161, 162, 163, 164, 165, 166, 167, 168, 196, 170, 171, 172, 173, 174, 175, 176, 177, 178, 179, 180, 181, 182, 183, 184, 185, 186, 187, 298, 189, 190, 191, 192, 193, 194, 195, 169, 197, 198, 199, 200, 201, 202, 203, 204, 205, 206, 207, 208, 209, 210, 211, 212, 213, 214, 215, 216, 217, 218, 219, 220, 221, 222, 223, 224, 225, 226, 227, 228, 229, 230, 231, 232, 233, 234, 235, 236, 237, 238, 239, 240, 241, 242, 243, 244, 245, 246, 247, 248, 249, 250, 251, 252, 253, 5, 255, 256, 257, 258, 259, 260, 261, 262, 263, 264, 265, 266, 267, 268, 121, 270, 271, 272, 273, 274, 275, 276, 277, 278, 279, 280, 281, 282, 283, 284, 285, 286, 287, 288, 289, 290, 291, 292, 293, 294, 301, 296, 297, 188, 299, 300, 295, 302, 303, 304, 305, 306, 307, 308, 309, 310, 311, 312, 313, 314, 315, 316, 317, 318, 319, 320, 321, 322, 323, 324, 330, 326, 327, 328, 329, 325, 331, 332, 333, 334, 335, 336, 337, 338, 339, 340, 341, 342, 343, 344, 345, 346, 347, 348, 349, 350, 351, 352, 353, 354, 355, 356, 357, 358, 359, 360, 361, 362, 393, 364, 365, 366, 377, 368, 369, 370, 371, 372, 373, 374, 375, 376, 367, 378, 379, 380, 381, 382, 383, 384, 385, 386, 387, 388, 389, 390, 391, 392, 363, 394, 395, 396, 397, 398, 399, 400, 401, 402, 
 Distance: 7692.0

 PARTICLE_COUNT: 1000
 PARTICLE_COUNT_FINAL: 100
 MAX_EPOCHS: 10
 CITY_COUNT: 403
 TEMPO DE EXECUÇÃO ALGORITMO SEM REDUÇÃO: 38ms 

+--------***RESULTADO DO PSO COM REDUÇÃO***----------+
Data/Hora: 13/05/2016 16:35:14
Arquivo de instância usado: rbg403.txt
Target not reached.
Shortest Route: 0, 1, 2, 3, 4, 5, 6, 7, 8, 9, 10, 11, 12, 13, 313, 143, 16, 17, 18, 19, 20, 21, 161, 23, 24, 25, 26, 27, 28, 29, 30, 31, 32, 364, 34, 14, 36, 37, 38, 39, 114, 41, 338, 43, 44, 45, 46, 47, 299, 49, 50, 51, 52, 53, 54, 55, 56, 57, 58, 59, 60, 61, 62, 63, 64, 379, 66, 67, 68, 69, 70, 71, 222, 73, 74, 75, 76, 77, 78, 79, 80, 81, 82, 83, 84, 85, 86, 87, 88, 89, 90, 91, 92, 93, 94, 95, 96, 97, 98, 99, 100, 101, 102, 103, 104, 105, 106, 107, 108, 109, 110, 111, 112, 113, 40, 115, 116, 117, 118, 119, 120, 121, 122, 123, 124, 125, 126, 127, 128, 289, 130, 42, 132, 133, 134, 135, 136, 137, 138, 139, 140, 141, 142, 15, 144, 145, 146, 147, 148, 149, 150, 151, 152, 153, 154, 155, 156, 157, 158, 159, 160, 22, 201, 163, 164, 165, 166, 167, 168, 169, 170, 171, 172, 173, 174, 175, 194, 177, 178, 179, 193, 181, 182, 183, 184, 185, 186, 187, 188, 189, 190, 191, 192, 180, 176, 195, 196, 197, 198, 199, 200, 162, 202, 203, 204, 205, 206, 207, 208, 209, 210, 211, 212, 213, 214, 215, 216, 217, 218, 336, 220, 221, 72, 223, 224, 225, 226, 227, 228, 229, 230, 231, 232, 233, 234, 235, 236, 237, 238, 239, 240, 241, 242, 243, 244, 245, 246, 247, 248, 249, 250, 260, 252, 253, 254, 255, 256, 257, 258, 259, 251, 261, 262, 263, 264, 265, 266, 267, 268, 269, 270, 271, 272, 273, 274, 275, 276, 277, 278, 279, 280, 281, 282, 283, 284, 285, 286, 287, 350, 396, 290, 291, 292, 293, 294, 295, 296, 297, 298, 48, 300, 301, 302, 303, 304, 305, 306, 307, 308, 309, 310, 311, 312, 35, 314, 315, 316, 317, 318, 319, 320, 321, 322, 323, 324, 325, 326, 327, 328, 329, 330, 331, 332, 333, 334, 335, 219, 337, 131, 339, 340, 341, 342, 343, 344, 345, 346, 347, 348, 349, 288, 351, 352, 353, 354, 355, 356, 357, 358, 359, 360, 361, 362, 363, 33, 365, 366, 367, 368, 369, 370, 371, 372, 373, 374, 375, 376, 377, 378, 65, 380, 381, 382, 383, 384, 385, 386, 387, 388, 389, 390, 391, 392, 393, 394, 395, 129, 397, 398, 399, 400, 401, 402, 
 Distance: 7664.0

 PARTICLE_COUNT: 1000
 PARTICLE_COUNT_FINAL: 100
 MAX_EPOCHS: 50
 CITY_COUNT: 403
 TEMPO DE EXECUÇÃO ALGORITMO COM REDUÇÃO: 52ms 

+--------***RESULTADO DO PSO SEM REDUÇÃO***----------+
Data/Hora: 13/05/2016 16:35:14
Arquivo de instância usado: rbg403.txt
Target not reached.
Shortest Route: 0, 1, 2, 3, 4, 5, 6, 7, 8, 9, 10, 11, 269, 270, 14, 15, 16, 17, 18, 19, 20, 21, 22, 23, 24, 25, 26, 252, 28, 83, 30, 31, 32, 33, 34, 35, 36, 37, 38, 350, 40, 41, 42, 43, 44, 45, 46, 47, 48, 49, 50, 51, 52, 53, 54, 283, 56, 57, 58, 59, 60, 61, 62, 63, 64, 65, 66, 175, 68, 69, 70, 219, 72, 73, 74, 75, 76, 77, 78, 79, 259, 81, 82, 27, 84, 85, 86, 87, 88, 89, 90, 91, 92, 93, 94, 95, 96, 97, 98, 99, 100, 101, 102, 103, 104, 105, 106, 107, 108, 109, 110, 352, 112, 113, 114, 115, 116, 117, 118, 119, 120, 121, 122, 123, 124, 125, 126, 127, 128, 129, 130, 131, 132, 133, 134, 135, 136, 137, 138, 139, 140, 141, 142, 143, 144, 145, 146, 147, 148, 149, 150, 151, 152, 153, 154, 155, 156, 157, 158, 159, 160, 161, 162, 163, 250, 165, 166, 167, 168, 169, 170, 171, 172, 173, 174, 67, 176, 177, 178, 179, 180, 181, 182, 183, 184, 185, 186, 187, 188, 189, 190, 191, 192, 193, 258, 221, 196, 197, 198, 199, 200, 201, 335, 203, 204, 205, 206, 207, 208, 209, 210, 211, 212, 213, 214, 215, 216, 217, 218, 71, 220, 80, 222, 223, 224, 225, 226, 227, 228, 229, 230, 294, 232, 233, 234, 235, 236, 237, 238, 239, 240, 241, 242, 243, 244, 245, 246, 247, 248, 249, 164, 251, 29, 253, 254, 255, 256, 257, 194, 195, 260, 261, 373, 263, 264, 265, 266, 267, 268, 12, 13, 271, 272, 273, 274, 275, 276, 277, 278, 279, 280, 281, 282, 55, 284, 285, 286, 296, 288, 289, 290, 336, 292, 325, 231, 295, 287, 297, 298, 299, 300, 301, 302, 303, 304, 305, 306, 307, 308, 309, 310, 311, 312, 313, 314, 315, 316, 317, 318, 319, 320, 321, 322, 369, 324, 293, 326, 327, 328, 329, 330, 331, 332, 333, 334, 202, 291, 337, 338, 339, 340, 341, 342, 343, 344, 345, 346, 347, 348, 349, 39, 351, 111, 353, 354, 355, 356, 357, 358, 359, 360, 361, 362, 363, 364, 365, 366, 367, 368, 323, 370, 371, 372, 262, 374, 375, 376, 377, 378, 379, 380, 381, 382, 383, 384, 385, 386, 387, 388, 389, 390, 391, 392, 393, 394, 395, 396, 397, 398, 399, 400, 401, 402, 
 Distance: 7662.0

 PARTICLE_COUNT: 1000
 PARTICLE_COUNT_FINAL: 100
 MAX_EPOCHS: 50
 CITY_COUNT: 403
 TEMPO DE EXECUÇÃO ALGORITMO SEM REDUÇÃO: 125ms 

+--------***RESULTADO DO PSO COM REDUÇÃO***----------+
Data/Hora: 13/05/2016 16:36:40
Arquivo de instância usado: rbg403.txt
Target not reached.
Shortest Route: 0, 1, 2, 258, 4, 5, 229, 7, 8, 9, 10, 11, 355, 13, 14, 15, 16, 17, 18, 19, 20, 21, 22, 23, 24, 25, 87, 27, 28, 29, 30, 31, 32, 33, 34, 35, 36, 37, 38, 39, 40, 41, 42, 43, 44, 45, 46, 47, 48, 49, 50, 51, 52, 53, 54, 55, 56, 57, 152, 59, 60, 61, 62, 63, 64, 65, 66, 67, 68, 69, 70, 71, 72, 73, 74, 75, 76, 77, 78, 79, 80, 81, 82, 83, 84, 85, 86, 101, 88, 89, 90, 91, 92, 93, 94, 95, 96, 97, 98, 99, 100, 26, 102, 103, 104, 105, 106, 107, 350, 109, 110, 111, 112, 113, 114, 115, 116, 117, 118, 119, 120, 121, 122, 123, 124, 125, 126, 127, 128, 129, 130, 131, 132, 133, 134, 135, 136, 137, 138, 139, 140, 141, 142, 143, 144, 145, 146, 149, 148, 147, 348, 151, 58, 153, 154, 155, 156, 157, 158, 159, 160, 161, 162, 163, 164, 165, 166, 167, 168, 169, 170, 171, 172, 173, 174, 175, 176, 177, 178, 179, 180, 181, 182, 183, 184, 286, 186, 187, 188, 189, 190, 191, 192, 193, 194, 195, 196, 197, 198, 199, 200, 201, 202, 203, 204, 205, 206, 207, 208, 209, 210, 211, 212, 213, 214, 215, 216, 217, 218, 219, 220, 221, 222, 223, 224, 225, 226, 227, 228, 6, 230, 231, 232, 233, 234, 235, 236, 237, 238, 239, 240, 241, 242, 243, 244, 245, 246, 247, 248, 249, 250, 251, 252, 253, 254, 255, 256, 257, 3, 259, 260, 261, 262, 263, 264, 265, 266, 267, 268, 269, 270, 271, 272, 273, 274, 275, 276, 277, 278, 279, 280, 281, 282, 283, 284, 285, 185, 287, 288, 289, 290, 291, 292, 293, 294, 295, 296, 297, 298, 299, 300, 301, 302, 303, 304, 305, 306, 307, 308, 309, 310, 311, 312, 313, 314, 315, 316, 317, 318, 319, 320, 321, 322, 323, 324, 325, 326, 327, 328, 329, 330, 331, 332, 333, 334, 335, 336, 337, 338, 339, 340, 341, 342, 343, 344, 345, 346, 347, 150, 349, 108, 351, 352, 353, 354, 12, 356, 357, 358, 359, 360, 361, 362, 363, 364, 365, 366, 367, 368, 369, 370, 371, 372, 373, 374, 375, 376, 377, 378, 379, 380, 381, 382, 383, 384, 385, 386, 387, 388, 389, 390, 391, 392, 393, 394, 395, 396, 397, 398, 399, 400, 401, 402, 
 Distance: 7716.0

 PARTICLE_COUNT: 1000
 PARTICLE_COUNT_FINAL: 500
 MAX_EPOCHS: 10
 CITY_COUNT: 403
 TEMPO DE EXECUÇÃO ALGORITMO COM REDUÇÃO: 133ms 

+--------***RESULTADO DO PSO SEM REDUÇÃO***----------+
Data/Hora: 13/05/2016 16:36:40
Arquivo de instância usado: rbg403.txt
Target not reached.
Shortest Route: 0, 1, 2, 258, 4, 5, 229, 7, 8, 9, 10, 11, 355, 13, 14, 15, 16, 17, 18, 19, 20, 21, 22, 23, 24, 25, 87, 27, 28, 29, 30, 31, 32, 33, 34, 35, 36, 37, 38, 39, 40, 41, 42, 43, 44, 45, 46, 47, 48, 49, 50, 51, 52, 53, 54, 55, 56, 57, 152, 59, 60, 61, 62, 63, 64, 65, 66, 67, 68, 69, 70, 71, 72, 73, 74, 75, 76, 77, 78, 79, 80, 81, 82, 83, 84, 85, 86, 101, 88, 89, 90, 91, 92, 93, 94, 95, 96, 97, 98, 99, 100, 26, 102, 103, 104, 105, 106, 107, 350, 109, 110, 111, 112, 113, 114, 115, 116, 117, 118, 119, 120, 121, 122, 123, 124, 125, 126, 127, 128, 129, 130, 131, 132, 133, 134, 135, 136, 137, 138, 139, 140, 141, 142, 143, 144, 145, 146, 149, 148, 147, 348, 151, 58, 153, 154, 155, 156, 157, 158, 159, 160, 161, 162, 163, 164, 165, 166, 167, 168, 169, 170, 171, 172, 173, 174, 175, 176, 177, 178, 179, 180, 181, 182, 183, 184, 286, 186, 187, 188, 189, 190, 191, 192, 193, 194, 195, 196, 197, 198, 199, 200, 201, 202, 203, 204, 205, 206, 207, 208, 209, 210, 211, 212, 213, 214, 215, 216, 217, 218, 219, 220, 221, 222, 223, 224, 225, 226, 227, 228, 6, 230, 231, 232, 233, 234, 235, 236, 237, 238, 239, 240, 241, 242, 243, 244, 245, 246, 247, 248, 249, 250, 251, 252, 253, 254, 255, 256, 257, 3, 259, 260, 261, 262, 263, 264, 265, 266, 267, 268, 269, 270, 271, 272, 273, 274, 275, 276, 277, 278, 279, 280, 281, 282, 283, 284, 285, 185, 287, 288, 289, 290, 291, 292, 293, 294, 295, 296, 297, 298, 299, 300, 301, 302, 303, 304, 305, 306, 307, 308, 309, 310, 311, 312, 313, 314, 315, 316, 317, 318, 319, 320, 321, 322, 323, 324, 325, 326, 327, 328, 329, 330, 331, 332, 333, 334, 335, 336, 337, 338, 339, 340, 341, 342, 343, 344, 345, 346, 347, 150, 349, 108, 351, 352, 353, 354, 12, 356, 357, 358, 359, 360, 361, 362, 363, 364, 365, 366, 367, 368, 369, 370, 371, 372, 373, 374, 375, 376, 377, 378, 379, 380, 381, 382, 383, 384, 385, 386, 387, 388, 389, 390, 391, 392, 393, 394, 395, 396, 397, 398, 399, 400, 401, 402, 
 Distance: 7716.0

 PARTICLE_COUNT: 1000
 PARTICLE_COUNT_FINAL: 500
 MAX_EPOCHS: 10
 CITY_COUNT: 403
 TEMPO DE EXECUÇÃO ALGORITMO SEM REDUÇÃO: 62ms 

+--------***RESULTADO DO PSO COM REDUÇÃO***----------+
Data/Hora: 13/05/2016 16:36:59
Arquivo de instância usado: rbg403.txt
Target not reached.
Shortest Route: 0, 1, 2, 3, 4, 5, 6, 7, 8, 9, 10, 11, 12, 13, 14, 15, 16, 17, 18, 177, 20, 21, 143, 23, 24, 25, 26, 27, 28, 29, 30, 31, 32, 33, 34, 35, 36, 37, 38, 39, 40, 41, 42, 43, 44, 45, 46, 47, 48, 49, 50, 51, 52, 53, 340, 55, 56, 57, 58, 59, 60, 61, 62, 63, 64, 65, 66, 67, 68, 69, 70, 71, 72, 73, 74, 75, 76, 77, 78, 79, 80, 81, 123, 83, 84, 85, 86, 87, 88, 89, 90, 91, 92, 93, 94, 95, 96, 97, 98, 99, 100, 101, 102, 103, 350, 105, 106, 107, 108, 109, 110, 381, 112, 113, 114, 115, 116, 117, 118, 119, 120, 121, 122, 82, 124, 125, 126, 127, 128, 129, 280, 131, 132, 133, 134, 135, 136, 137, 138, 139, 140, 141, 142, 22, 144, 145, 146, 147, 148, 149, 150, 151, 152, 284, 154, 155, 156, 157, 158, 159, 160, 161, 162, 163, 164, 165, 166, 167, 168, 169, 170, 171, 335, 173, 174, 175, 275, 19, 178, 179, 180, 181, 182, 183, 184, 185, 186, 187, 188, 189, 190, 191, 192, 193, 194, 195, 382, 197, 198, 199, 200, 201, 202, 203, 204, 205, 206, 207, 208, 209, 210, 211, 212, 213, 214, 215, 216, 217, 218, 219, 220, 221, 222, 223, 224, 225, 226, 227, 228, 229, 230, 231, 232, 233, 234, 235, 236, 343, 238, 239, 240, 241, 242, 243, 244, 245, 246, 247, 248, 249, 250, 251, 252, 253, 254, 255, 256, 257, 258, 259, 260, 261, 262, 263, 264, 265, 266, 267, 268, 269, 270, 271, 272, 273, 274, 176, 276, 277, 278, 279, 130, 281, 282, 283, 153, 285, 286, 287, 288, 289, 290, 291, 292, 293, 294, 295, 296, 297, 298, 299, 300, 301, 302, 303, 304, 305, 306, 307, 308, 309, 310, 311, 312, 313, 314, 315, 316, 317, 318, 319, 320, 321, 322, 323, 324, 325, 326, 327, 328, 329, 330, 331, 380, 333, 334, 172, 336, 337, 338, 339, 54, 341, 342, 237, 344, 345, 346, 347, 348, 349, 104, 351, 352, 353, 354, 355, 356, 357, 358, 359, 360, 361, 362, 363, 364, 365, 366, 367, 368, 369, 370, 376, 372, 373, 374, 375, 371, 377, 378, 379, 332, 111, 196, 383, 384, 385, 386, 387, 388, 389, 390, 391, 392, 393, 394, 395, 396, 397, 398, 399, 400, 401, 402, 
 Distance: 7691.0

 PARTICLE_COUNT: 1000
 PARTICLE_COUNT_FINAL: 500
 MAX_EPOCHS: 50
 CITY_COUNT: 403
 TEMPO DE EXECUÇÃO ALGORITMO COM REDUÇÃO: 52ms 

+--------***RESULTADO DO PSO SEM REDUÇÃO***----------+
Data/Hora: 13/05/2016 16:36:59
Arquivo de instância usado: rbg403.txt
Target not reached.
Shortest Route: 0, 1, 2, 3, 4, 5, 6, 7, 8, 9, 10, 11, 388, 13, 14, 15, 16, 17, 18, 19, 20, 21, 22, 23, 24, 25, 26, 27, 28, 29, 30, 31, 32, 33, 34, 35, 36, 37, 38, 39, 40, 41, 42, 43, 44, 45, 46, 367, 48, 49, 50, 51, 52, 53, 54, 55, 56, 221, 312, 59, 60, 61, 62, 63, 162, 65, 66, 67, 68, 69, 116, 71, 72, 73, 74, 75, 76, 77, 78, 79, 80, 81, 82, 83, 84, 85, 86, 87, 88, 89, 90, 91, 92, 93, 94, 95, 96, 97, 98, 99, 100, 101, 102, 103, 104, 105, 106, 107, 108, 109, 110, 111, 112, 113, 373, 115, 70, 117, 118, 119, 120, 121, 122, 123, 124, 125, 126, 127, 128, 129, 130, 131, 132, 133, 134, 135, 136, 137, 138, 139, 140, 141, 142, 143, 295, 145, 146, 147, 148, 149, 150, 151, 152, 153, 154, 155, 156, 157, 158, 159, 160, 161, 64, 163, 358, 165, 166, 167, 168, 169, 170, 171, 172, 173, 174, 175, 176, 177, 178, 179, 180, 181, 182, 183, 184, 185, 186, 187, 188, 189, 190, 362, 192, 193, 194, 195, 196, 197, 198, 199, 200, 201, 202, 203, 204, 205, 206, 267, 208, 209, 210, 211, 212, 213, 214, 215, 216, 217, 218, 219, 220, 57, 222, 223, 335, 225, 226, 227, 228, 278, 230, 231, 232, 233, 234, 320, 236, 237, 238, 239, 240, 241, 242, 243, 244, 245, 246, 247, 248, 249, 250, 251, 252, 253, 254, 255, 256, 257, 258, 259, 260, 261, 262, 263, 264, 347, 266, 207, 268, 269, 270, 271, 272, 273, 274, 275, 276, 277, 229, 279, 280, 281, 282, 283, 284, 285, 286, 287, 288, 289, 290, 291, 292, 348, 349, 144, 296, 297, 298, 299, 300, 301, 302, 303, 304, 305, 306, 307, 308, 309, 310, 311, 58, 313, 314, 315, 316, 317, 318, 319, 235, 321, 322, 323, 324, 325, 326, 327, 328, 329, 330, 331, 332, 333, 334, 224, 336, 337, 338, 339, 340, 341, 342, 343, 344, 345, 346, 265, 293, 294, 350, 351, 352, 353, 354, 355, 356, 357, 164, 359, 360, 361, 191, 363, 364, 365, 366, 47, 368, 369, 370, 371, 372, 114, 374, 375, 376, 377, 378, 379, 380, 381, 382, 383, 384, 385, 386, 387, 12, 389, 390, 391, 392, 393, 394, 395, 396, 397, 398, 399, 400, 401, 402, 
 Distance: 7679.0

 PARTICLE_COUNT: 1000
 PARTICLE_COUNT_FINAL: 500
 MAX_EPOCHS: 50
 CITY_COUNT: 403
 TEMPO DE EXECUÇÃO ALGORITMO SEM REDUÇÃO: 133ms 

+--------***RESULTADO DO PSO COM REDUÇÃO***----------+
Data/Hora: 13/05/2016 16:37:28
Arquivo de instância usado: rbg403.txt
Target not reached.
Shortest Route: 0, 1, 2, 258, 4, 5, 229, 7, 8, 9, 10, 11, 355, 13, 14, 15, 16, 17, 18, 19, 20, 21, 22, 23, 24, 25, 87, 27, 28, 29, 30, 31, 32, 33, 34, 35, 36, 37, 38, 39, 40, 41, 42, 43, 44, 45, 46, 47, 48, 49, 50, 51, 52, 53, 54, 55, 56, 57, 152, 59, 60, 61, 62, 63, 64, 65, 66, 67, 68, 69, 70, 71, 72, 73, 74, 75, 76, 77, 78, 222, 80, 81, 82, 83, 84, 85, 86, 101, 88, 391, 90, 91, 92, 93, 94, 95, 96, 97, 98, 99, 100, 26, 102, 103, 104, 105, 106, 107, 350, 109, 110, 111, 112, 113, 114, 115, 116, 117, 118, 119, 120, 121, 122, 123, 124, 125, 126, 127, 128, 129, 130, 131, 132, 133, 134, 135, 136, 137, 138, 139, 140, 141, 142, 143, 144, 145, 146, 149, 148, 261, 348, 151, 58, 153, 154, 155, 156, 157, 158, 159, 160, 161, 162, 163, 164, 165, 166, 167, 168, 169, 170, 171, 172, 173, 174, 175, 395, 177, 178, 179, 180, 181, 182, 183, 184, 286, 186, 187, 188, 189, 190, 191, 192, 193, 194, 195, 196, 197, 198, 199, 200, 201, 202, 203, 204, 205, 206, 207, 208, 209, 210, 211, 212, 213, 214, 215, 216, 217, 218, 219, 220, 221, 79, 223, 224, 225, 226, 227, 228, 6, 230, 231, 232, 233, 234, 235, 236, 237, 238, 239, 240, 241, 242, 243, 244, 245, 246, 247, 248, 249, 250, 251, 252, 253, 254, 255, 256, 257, 3, 259, 260, 147, 262, 263, 264, 265, 266, 267, 268, 269, 270, 271, 272, 273, 274, 275, 276, 277, 278, 279, 280, 281, 282, 283, 284, 285, 185, 287, 288, 289, 290, 291, 292, 293, 294, 295, 296, 297, 298, 299, 300, 301, 302, 303, 304, 305, 306, 307, 308, 309, 310, 311, 312, 313, 314, 315, 316, 317, 318, 319, 320, 321, 322, 323, 324, 325, 326, 327, 328, 329, 330, 331, 332, 333, 334, 335, 336, 337, 338, 339, 340, 341, 342, 343, 344, 345, 346, 347, 150, 349, 108, 351, 352, 353, 354, 12, 356, 357, 358, 359, 360, 361, 362, 363, 364, 365, 366, 367, 368, 369, 370, 371, 372, 373, 374, 375, 376, 377, 378, 379, 380, 381, 382, 383, 384, 385, 386, 387, 388, 389, 390, 89, 392, 393, 394, 176, 396, 397, 398, 399, 400, 401, 402, 
 Distance: 7659.0

 PARTICLE_COUNT: 10000
 PARTICLE_COUNT_FINAL: 1000
 MAX_EPOCHS: 10
 CITY_COUNT: 403
 TEMPO DE EXECUÇÃO ALGORITMO COM REDUÇÃO: 2204ms 

+--------***RESULTADO DO PSO SEM REDUÇÃO***----------+
Data/Hora: 13/05/2016 16:37:29
Arquivo de instância usado: rbg403.txt
Target not reached.
Shortest Route: 0, 1, 2, 3, 4, 5, 6, 240, 8, 9, 10, 11, 12, 13, 14, 15, 16, 21, 18, 336, 20, 17, 22, 23, 24, 25, 26, 27, 28, 29, 30, 31, 290, 33, 34, 35, 36, 37, 38, 255, 40, 41, 42, 43, 44, 45, 46, 173, 48, 49, 50, 51, 52, 53, 54, 55, 56, 338, 58, 59, 60, 61, 62, 63, 64, 65, 66, 67, 68, 69, 70, 71, 72, 374, 74, 75, 76, 77, 78, 107, 80, 81, 82, 83, 84, 85, 86, 87, 88, 89, 90, 91, 92, 93, 280, 95, 96, 97, 98, 99, 100, 101, 102, 103, 104, 105, 106, 79, 108, 109, 110, 111, 112, 113, 114, 115, 116, 117, 118, 119, 120, 121, 122, 123, 124, 125, 126, 127, 128, 129, 130, 131, 132, 133, 134, 135, 73, 137, 138, 139, 140, 141, 142, 143, 144, 145, 146, 147, 148, 149, 150, 151, 152, 153, 154, 155, 156, 157, 331, 159, 160, 161, 162, 163, 164, 165, 166, 167, 168, 169, 170, 171, 172, 47, 174, 175, 176, 177, 178, 179, 180, 181, 341, 183, 184, 185, 186, 187, 188, 189, 190, 191, 192, 193, 194, 195, 196, 197, 198, 199, 200, 201, 202, 203, 204, 221, 206, 207, 208, 209, 210, 211, 212, 39, 214, 215, 216, 217, 218, 219, 222, 205, 220, 223, 224, 225, 226, 227, 228, 229, 230, 231, 232, 233, 234, 235, 236, 237, 238, 239, 7, 241, 242, 243, 244, 245, 267, 247, 248, 249, 325, 251, 252, 253, 254, 213, 256, 257, 258, 380, 260, 261, 262, 263, 264, 265, 266, 246, 268, 269, 270, 271, 272, 273, 274, 275, 276, 277, 278, 279, 94, 281, 282, 283, 284, 285, 286, 287, 288, 289, 32, 291, 292, 293, 297, 295, 296, 294, 298, 299, 300, 301, 302, 303, 304, 305, 306, 307, 308, 309, 310, 311, 312, 313, 314, 315, 316, 317, 318, 319, 320, 321, 322, 323, 324, 250, 326, 327, 328, 329, 330, 158, 332, 333, 334, 335, 19, 337, 57, 339, 340, 182, 342, 343, 344, 345, 346, 347, 348, 349, 350, 351, 352, 353, 354, 355, 356, 357, 358, 359, 360, 361, 362, 363, 364, 365, 366, 367, 368, 369, 370, 371, 372, 373, 136, 375, 376, 377, 378, 379, 259, 381, 382, 383, 384, 385, 386, 387, 388, 389, 390, 391, 392, 393, 394, 395, 396, 397, 398, 399, 400, 401, 402, 
 Distance: 7643.0

 PARTICLE_COUNT: 10000
 PARTICLE_COUNT_FINAL: 1000
 MAX_EPOCHS: 10
 CITY_COUNT: 403
 TEMPO DE EXECUÇÃO ALGORITMO SEM REDUÇÃO: 1344ms 

+--------***RESULTADO DO PSO COM REDUÇÃO***----------+
Data/Hora: 13/05/2016 16:38:02
Arquivo de instância usado: rbg403.txt
Target not reached.
Shortest Route: 0, 1, 2, 3, 197, 5, 6, 7, 8, 9, 10, 11, 12, 13, 14, 33, 16, 17, 18, 19, 20, 21, 277, 179, 261, 25, 26, 27, 28, 29, 30, 31, 32, 15, 34, 35, 219, 37, 38, 39, 40, 41, 42, 43, 44, 45, 46, 47, 48, 49, 50, 51, 52, 53, 54, 55, 56, 57, 235, 59, 60, 130, 62, 63, 64, 65, 66, 67, 68, 69, 70, 71, 72, 73, 74, 75, 76, 298, 120, 79, 80, 81, 82, 83, 84, 85, 86, 87, 88, 89, 90, 91, 92, 93, 94, 95, 96, 97, 98, 99, 100, 101, 102, 103, 104, 105, 106, 107, 108, 109, 110, 111, 112, 113, 114, 115, 116, 117, 118, 267, 240, 121, 122, 123, 124, 193, 172, 324, 128, 129, 295, 131, 132, 133, 134, 135, 136, 137, 138, 139, 140, 198, 142, 143, 144, 145, 146, 147, 148, 149, 150, 151, 152, 153, 154, 155, 156, 157, 255, 159, 160, 161, 162, 163, 164, 165, 166, 167, 168, 169, 170, 171, 126, 173, 174, 175, 176, 177, 279, 23, 180, 181, 182, 301, 184, 185, 186, 187, 188, 189, 190, 191, 192, 125, 194, 195, 196, 4, 141, 199, 200, 201, 202, 203, 204, 205, 206, 207, 208, 209, 210, 211, 212, 213, 214, 215, 216, 396, 218, 36, 220, 221, 334, 335, 224, 225, 226, 227, 228, 229, 230, 231, 232, 233, 234, 58, 236, 237, 238, 239, 78, 241, 242, 243, 244, 245, 246, 247, 248, 249, 250, 251, 252, 253, 254, 158, 256, 257, 258, 259, 260, 24, 262, 263, 264, 265, 266, 119, 268, 269, 270, 271, 272, 273, 274, 275, 276, 22, 278, 178, 280, 281, 282, 283, 284, 285, 286, 287, 288, 289, 290, 291, 292, 293, 294, 61, 296, 297, 77, 299, 300, 183, 302, 303, 304, 305, 306, 307, 308, 309, 310, 333, 312, 313, 314, 315, 316, 317, 318, 319, 320, 321, 322, 323, 127, 370, 326, 327, 328, 329, 330, 331, 332, 311, 222, 223, 336, 337, 338, 339, 340, 341, 342, 343, 344, 345, 346, 347, 348, 349, 350, 351, 352, 353, 354, 355, 356, 357, 358, 359, 360, 361, 362, 363, 364, 365, 366, 367, 368, 369, 325, 371, 372, 373, 374, 375, 376, 377, 378, 379, 380, 381, 382, 383, 384, 385, 386, 387, 388, 389, 390, 391, 392, 393, 394, 395, 217, 397, 398, 399, 400, 401, 402, 
 Distance: 7603.0

 PARTICLE_COUNT: 10000
 PARTICLE_COUNT_FINAL: 1000
 MAX_EPOCHS: 50
 CITY_COUNT: 403
 TEMPO DE EXECUÇÃO ALGORITMO COM REDUÇÃO: 8432ms 

+--------***RESULTADO DO PSO SEM REDUÇÃO***----------+
Data/Hora: 13/05/2016 16:38:06
Arquivo de instância usado: rbg403.txt
Target not reached.
Shortest Route: 0, 1, 2, 3, 4, 5, 6, 7, 8, 9, 10, 11, 12, 13, 14, 15, 16, 17, 18, 19, 20, 21, 277, 23, 24, 25, 26, 27, 28, 29, 30, 31, 32, 33, 34, 35, 36, 37, 38, 39, 40, 41, 42, 43, 44, 45, 46, 47, 48, 49, 50, 51, 52, 53, 54, 55, 56, 57, 58, 59, 60, 61, 62, 63, 64, 65, 66, 67, 68, 69, 70, 71, 72, 75, 74, 73, 76, 77, 78, 79, 80, 81, 82, 83, 84, 107, 86, 87, 88, 89, 90, 91, 92, 93, 225, 95, 96, 97, 303, 99, 100, 101, 102, 103, 104, 360, 106, 85, 108, 109, 110, 111, 112, 113, 179, 180, 116, 117, 118, 119, 120, 121, 122, 123, 124, 125, 342, 127, 128, 294, 130, 131, 132, 133, 134, 135, 136, 137, 138, 139, 140, 141, 142, 143, 144, 145, 146, 147, 259, 149, 150, 151, 152, 153, 154, 155, 156, 157, 158, 159, 160, 378, 400, 163, 164, 165, 166, 167, 168, 169, 170, 171, 172, 173, 174, 175, 176, 177, 178, 114, 115, 181, 182, 183, 184, 339, 287, 187, 188, 189, 190, 191, 231, 193, 194, 264, 196, 197, 220, 199, 200, 201, 202, 203, 204, 205, 206, 207, 389, 209, 210, 211, 212, 233, 214, 215, 216, 217, 218, 219, 198, 221, 222, 223, 224, 94, 226, 227, 228, 229, 230, 288, 232, 213, 234, 235, 236, 237, 238, 239, 240, 241, 242, 243, 244, 245, 246, 247, 248, 249, 250, 251, 252, 253, 254, 255, 256, 257, 258, 148, 260, 261, 262, 263, 195, 265, 266, 267, 268, 269, 270, 271, 336, 273, 274, 275, 276, 22, 278, 279, 280, 281, 282, 283, 284, 285, 286, 186, 192, 289, 372, 291, 292, 293, 129, 295, 296, 297, 298, 299, 300, 301, 302, 98, 304, 305, 306, 307, 308, 309, 388, 311, 312, 313, 314, 315, 316, 317, 318, 319, 320, 321, 322, 323, 324, 325, 326, 327, 328, 329, 330, 331, 332, 333, 334, 335, 272, 337, 338, 185, 340, 341, 126, 343, 344, 345, 346, 347, 348, 349, 350, 351, 352, 353, 354, 355, 356, 357, 358, 359, 105, 361, 362, 363, 364, 365, 366, 367, 368, 369, 370, 371, 290, 373, 374, 375, 376, 377, 161, 379, 380, 381, 382, 383, 384, 385, 386, 387, 310, 208, 390, 391, 392, 393, 394, 395, 396, 397, 398, 399, 162, 401, 402, 
 Distance: 7598.0

 PARTICLE_COUNT: 10000
 PARTICLE_COUNT_FINAL: 1000
 MAX_EPOCHS: 50
 CITY_COUNT: 403
 TEMPO DE EXECUÇÃO ALGORITMO SEM REDUÇÃO: 4076ms 

+--------***RESULTADO DO PSO COM REDUÇÃO***----------+
Data/Hora: 13/05/2016 16:39:52
Arquivo de instância usado: rbg403.txt
Target not reached.
Shortest Route: 0, 1, 2, 36, 4, 5, 6, 7, 8, 9, 10, 11, 12, 13, 32, 15, 16, 17, 18, 19, 20, 21, 22, 23, 24, 25, 26, 27, 28, 29, 30, 31, 14, 33, 34, 35, 3, 37, 38, 39, 40, 41, 42, 43, 44, 45, 46, 47, 48, 49, 50, 51, 52, 53, 54, 55, 56, 57, 58, 59, 60, 61, 62, 63, 64, 65, 66, 67, 68, 69, 70, 71, 72, 73, 74, 142, 76, 77, 144, 79, 80, 81, 82, 83, 84, 85, 86, 87, 88, 89, 90, 91, 92, 93, 94, 95, 96, 97, 98, 99, 100, 101, 102, 103, 104, 105, 106, 107, 108, 109, 110, 111, 112, 113, 114, 115, 116, 117, 118, 119, 120, 121, 122, 257, 124, 125, 126, 127, 128, 129, 130, 131, 132, 133, 134, 135, 136, 137, 138, 139, 140, 141, 75, 143, 78, 145, 146, 147, 148, 149, 150, 151, 152, 153, 154, 155, 156, 157, 158, 159, 160, 161, 162, 163, 164, 165, 166, 167, 168, 169, 170, 171, 172, 173, 174, 175, 176, 177, 178, 351, 180, 181, 182, 183, 184, 185, 186, 187, 188, 189, 190, 191, 192, 193, 194, 195, 196, 197, 198, 313, 200, 201, 202, 203, 204, 205, 206, 207, 208, 209, 210, 211, 212, 213, 214, 215, 216, 217, 218, 219, 220, 221, 222, 223, 224, 225, 226, 227, 228, 229, 230, 231, 232, 233, 234, 235, 236, 237, 238, 239, 240, 241, 242, 243, 244, 245, 246, 247, 248, 249, 250, 251, 252, 253, 254, 255, 256, 123, 258, 259, 260, 261, 262, 263, 264, 349, 266, 267, 268, 269, 270, 271, 272, 273, 274, 275, 276, 277, 278, 279, 280, 281, 282, 283, 284, 285, 286, 287, 288, 289, 290, 291, 292, 293, 294, 295, 296, 297, 298, 299, 300, 309, 302, 303, 304, 305, 306, 307, 308, 301, 310, 311, 312, 199, 314, 315, 316, 317, 318, 319, 320, 321, 322, 323, 324, 325, 326, 327, 328, 329, 330, 331, 332, 333, 334, 335, 336, 337, 338, 339, 340, 348, 342, 343, 344, 345, 346, 347, 341, 265, 350, 179, 352, 353, 354, 355, 356, 357, 358, 359, 360, 361, 362, 363, 364, 365, 366, 367, 368, 369, 370, 371, 372, 373, 374, 375, 376, 377, 378, 379, 380, 381, 382, 383, 384, 385, 386, 387, 388, 389, 390, 391, 392, 393, 394, 395, 396, 397, 398, 399, 400, 401, 402, 
 Distance: 7676.0

 PARTICLE_COUNT: 10000
 PARTICLE_COUNT_FINAL: 5000
 MAX_EPOCHS: 10
 CITY_COUNT: 403
 TEMPO DE EXECUÇÃO ALGORITMO COM REDUÇÃO: 1969ms 

+--------***RESULTADO DO PSO SEM REDUÇÃO***----------+
Data/Hora: 13/05/2016 16:39:53
Arquivo de instância usado: rbg403.txt
Target not reached.
Shortest Route: 0, 1, 2, 3, 4, 5, 6, 7, 8, 9, 10, 11, 12, 13, 14, 15, 16, 17, 18, 220, 20, 21, 22, 23, 24, 25, 26, 27, 28, 29, 30, 31, 32, 33, 34, 35, 36, 37, 38, 39, 40, 41, 42, 43, 44, 45, 46, 47, 325, 49, 50, 51, 52, 53, 54, 55, 56, 57, 58, 59, 60, 359, 62, 63, 64, 65, 66, 67, 68, 69, 70, 71, 239, 73, 74, 75, 76, 77, 78, 79, 109, 81, 82, 83, 84, 85, 86, 87, 88, 89, 90, 91, 92, 372, 94, 95, 96, 97, 98, 99, 100, 101, 102, 103, 104, 105, 106, 107, 108, 80, 110, 111, 112, 113, 114, 390, 116, 117, 118, 119, 120, 121, 343, 123, 124, 125, 126, 127, 128, 129, 130, 131, 132, 133, 134, 135, 136, 137, 138, 139, 140, 141, 142, 143, 144, 145, 146, 147, 148, 149, 150, 151, 152, 153, 154, 155, 156, 157, 158, 159, 160, 161, 162, 163, 164, 165, 166, 167, 168, 169, 170, 171, 172, 173, 174, 175, 176, 177, 178, 179, 180, 181, 182, 183, 184, 185, 186, 187, 188, 189, 190, 191, 192, 193, 194, 195, 196, 197, 198, 199, 200, 201, 202, 203, 204, 205, 206, 207, 208, 209, 210, 211, 212, 213, 214, 215, 216, 217, 218, 219, 19, 221, 222, 223, 224, 225, 226, 227, 228, 229, 230, 231, 232, 233, 234, 235, 236, 237, 238, 72, 240, 241, 242, 243, 115, 245, 249, 247, 248, 246, 250, 251, 252, 259, 254, 255, 256, 257, 258, 253, 260, 261, 262, 263, 264, 265, 266, 267, 268, 269, 270, 271, 272, 273, 274, 275, 276, 277, 278, 279, 280, 281, 393, 283, 284, 285, 286, 287, 288, 289, 290, 291, 292, 293, 294, 295, 332, 297, 298, 299, 300, 301, 302, 303, 304, 305, 306, 307, 308, 309, 310, 311, 312, 313, 314, 315, 316, 317, 318, 319, 320, 321, 322, 323, 324, 48, 326, 327, 328, 329, 330, 331, 296, 333, 334, 335, 336, 337, 338, 339, 340, 341, 342, 122, 344, 345, 346, 347, 348, 349, 350, 351, 352, 353, 354, 355, 356, 357, 358, 61, 360, 361, 362, 363, 364, 365, 366, 367, 368, 369, 370, 371, 93, 373, 374, 375, 376, 377, 378, 379, 380, 381, 382, 383, 384, 385, 386, 387, 388, 389, 244, 391, 392, 282, 394, 395, 396, 397, 398, 399, 400, 401, 402, 
 Distance: 7635.0

 PARTICLE_COUNT: 10000
 PARTICLE_COUNT_FINAL: 5000
 MAX_EPOCHS: 10
 CITY_COUNT: 403
 TEMPO DE EXECUÇÃO ALGORITMO SEM REDUÇÃO: 1166ms 

+--------***RESULTADO DO PSO COM REDUÇÃO***----------+
Data/Hora: 13/05/2016 16:40:27
Arquivo de instância usado: rbg403.txt
Target not reached.
Shortest Route: 0, 1, 2, 3, 4, 5, 324, 7, 8, 9, 10, 11, 175, 13, 14, 84, 16, 17, 18, 19, 20, 22, 21, 23, 24, 25, 26, 27, 28, 29, 30, 31, 32, 33, 34, 35, 36, 37, 38, 39, 40, 286, 42, 43, 44, 45, 46, 47, 48, 49, 50, 51, 52, 53, 54, 55, 56, 57, 58, 59, 60, 61, 62, 63, 400, 65, 66, 67, 68, 69, 70, 71, 72, 73, 74, 75, 76, 77, 78, 79, 80, 81, 82, 83, 15, 85, 86, 87, 88, 89, 90, 91, 92, 125, 94, 95, 96, 97, 98, 99, 100, 101, 102, 103, 104, 105, 106, 107, 6, 109, 110, 111, 112, 113, 114, 115, 116, 117, 118, 119, 120, 121, 122, 123, 124, 93, 126, 127, 128, 129, 130, 131, 132, 133, 134, 135, 136, 137, 138, 139, 140, 141, 142, 143, 144, 145, 146, 147, 148, 149, 150, 151, 152, 153, 154, 155, 156, 157, 158, 159, 160, 161, 162, 163, 164, 165, 241, 316, 168, 169, 170, 171, 172, 173, 174, 12, 176, 177, 178, 179, 180, 181, 182, 183, 184, 185, 186, 187, 188, 189, 190, 191, 192, 193, 194, 328, 329, 197, 270, 199, 200, 201, 202, 203, 204, 205, 206, 207, 208, 209, 210, 211, 212, 213, 214, 215, 216, 217, 218, 219, 220, 221, 222, 223, 232, 225, 226, 227, 228, 229, 230, 231, 224, 233, 234, 235, 236, 237, 238, 239, 240, 166, 242, 243, 290, 245, 246, 247, 248, 249, 250, 251, 252, 253, 254, 255, 256, 257, 258, 259, 260, 261, 262, 263, 264, 265, 266, 267, 268, 269, 198, 271, 272, 273, 274, 275, 276, 277, 278, 279, 280, 281, 282, 283, 284, 285, 41, 287, 288, 289, 244, 291, 292, 293, 294, 295, 296, 297, 298, 299, 300, 301, 302, 303, 304, 305, 306, 307, 308, 309, 310, 311, 312, 313, 314, 315, 167, 317, 318, 319, 320, 321, 322, 323, 108, 325, 326, 327, 195, 196, 330, 331, 332, 333, 334, 335, 336, 337, 338, 339, 340, 341, 342, 343, 344, 345, 346, 347, 348, 349, 374, 351, 352, 350, 354, 355, 356, 357, 358, 359, 360, 361, 362, 363, 364, 365, 366, 367, 368, 369, 370, 371, 372, 373, 353, 375, 376, 377, 378, 379, 380, 381, 382, 383, 384, 385, 386, 387, 388, 389, 390, 391, 392, 393, 394, 395, 396, 397, 398, 399, 64, 401, 402, 
 Distance: 7612.0

 PARTICLE_COUNT: 10000
 PARTICLE_COUNT_FINAL: 5000
 MAX_EPOCHS: 50
 CITY_COUNT: 403
 TEMPO DE EXECUÇÃO ALGORITMO COM REDUÇÃO: 6959ms 

+--------***RESULTADO DO PSO SEM REDUÇÃO***----------+
Data/Hora: 13/05/2016 16:40:31
Arquivo de instância usado: rbg403.txt
Target not reached.
Shortest Route: 0, 1, 2, 3, 4, 5, 6, 7, 8, 9, 10, 11, 12, 13, 14, 15, 16, 17, 18, 19, 20, 21, 22, 23, 24, 25, 26, 27, 28, 29, 30, 31, 32, 33, 34, 339, 340, 37, 38, 39, 40, 41, 42, 43, 44, 45, 46, 47, 48, 49, 50, 51, 52, 53, 54, 55, 56, 57, 58, 59, 60, 61, 62, 63, 64, 65, 66, 67, 68, 69, 70, 71, 271, 73, 74, 75, 76, 77, 78, 79, 80, 81, 82, 83, 84, 85, 86, 87, 391, 89, 90, 91, 92, 93, 94, 95, 96, 97, 98, 99, 100, 101, 393, 103, 104, 105, 106, 107, 108, 109, 110, 111, 112, 113, 114, 115, 116, 117, 118, 119, 120, 121, 122, 123, 124, 125, 126, 127, 128, 129, 130, 131, 320, 133, 134, 135, 290, 137, 138, 139, 272, 141, 338, 143, 144, 145, 146, 147, 148, 149, 150, 151, 152, 153, 154, 155, 156, 390, 158, 159, 160, 161, 162, 163, 164, 165, 166, 269, 168, 169, 170, 171, 345, 173, 174, 175, 176, 177, 178, 179, 180, 181, 182, 183, 184, 185, 186, 187, 188, 189, 190, 191, 192, 198, 194, 195, 196, 197, 193, 199, 200, 201, 202, 203, 204, 205, 206, 207, 208, 209, 210, 211, 212, 213, 214, 215, 216, 217, 218, 219, 220, 221, 222, 223, 224, 232, 226, 227, 228, 229, 230, 231, 225, 233, 234, 235, 236, 237, 238, 239, 240, 241, 242, 243, 244, 245, 246, 247, 248, 249, 250, 251, 252, 253, 254, 255, 256, 257, 258, 259, 260, 261, 262, 263, 264, 265, 266, 267, 268, 167, 270, 72, 140, 273, 274, 275, 276, 277, 278, 279, 280, 281, 347, 283, 284, 285, 286, 287, 288, 289, 136, 291, 292, 293, 294, 295, 296, 297, 298, 299, 300, 301, 302, 303, 304, 305, 306, 307, 308, 309, 310, 311, 312, 313, 314, 315, 316, 317, 318, 319, 132, 321, 322, 323, 324, 325, 326, 327, 328, 329, 330, 331, 332, 333, 334, 335, 336, 337, 142, 35, 36, 341, 342, 343, 344, 172, 346, 282, 348, 349, 350, 351, 352, 353, 354, 355, 356, 357, 358, 359, 360, 361, 362, 363, 364, 365, 366, 367, 368, 369, 370, 371, 372, 373, 374, 375, 376, 377, 378, 379, 380, 381, 382, 383, 384, 385, 386, 387, 388, 389, 157, 88, 392, 102, 394, 395, 396, 397, 398, 399, 400, 401, 402, 
 Distance: 7588.0

 PARTICLE_COUNT: 10000
 PARTICLE_COUNT_FINAL: 5000
 MAX_EPOCHS: 50
 CITY_COUNT: 403
 TEMPO DE EXECUÇÃO ALGORITMO SEM REDUÇÃO: 3747ms 

